470
1415
130
280
550
65
330
325
340
95
55
360
220
225
320
60
210
155
875
1000
475
295
245
415
305
320
370
505
1180
440
620
140
180
675
65
270
150
560
545
330
390
75
650
635
540
305
575
670
585
625
820
435
635
105
95
255
500
120
270
130
490
525
735
370
340
605
245
255
530
225
280
745
340
205
245
135
910
340
115
180
240
850
185
390
180
525
235
105
290
380
280
660
640
770
860
290
190
345
585
440
640
835
290
380
395
185
490
270
860
425
445
340
135
745
980
600
1010
955
155
385
385
140
420
600
800
410
250
185
800
885
885
520
345
135
415
665
220
395
155
325
550
360
400
190
535
285
170
400
290
1385
770
500
200
500
260
1730
210
595
275
510
1425
640
200
120
540
365
280
170
100
190
1530
120
1105
80
225
710
890
680
285
195
650
350
155
1095
465
215
365
605
520
280
610
765
290
240
180
225
1030
155
215
705
285
135
465
80
370
480
195
705
300
605
600
